2.14835103532278e-20
6.40546122809502e-20
1.06097822503695e-19
1.476131410214622e-19
1.886005678342518e-19
2.290601029420638e-19
2.689917463448982e-19
3.08395498042755e-19
3.4727135803563423e-19
3.856193263235358e-19
4.234394029064598e-19
4.607315877844062e-19
4.97495880957375e-19
5.337322824253661e-19
5.694407921883798e-19
6.046214102464158e-19
6.392741365994743e-19
6.73398971247555e-19
7.069959141906582e-19
7.400649654287838e-19
7.726061249619317e-19
8.046193927901022e-19
8.361047689132951e-19
8.670622533315102e-19
8.974918460447478e-19
9.273935470530078e-19
9.567673563562903e-19
9.85613273954595e-19
1.013931299847922e-18
1.0417214340362719e-18
1.0689836765196438e-18
1.0957180272980382e-18
1.121924486371455e-18
1.1476030537398943e-18
1.1727537294033559e-18
1.1973765133618398e-18
1.2214714056153461e-18
1.245038406163875e-18
1.2680775150074262e-18
1.2905887321459998e-18
1.3125720575795958e-18
1.3340274913082143e-18
1.3549550333318551e-18
1.375354683650518e-18
1.395226442264204e-18
1.4145703091729118e-18
1.4333862843766421e-18
1.4516743678753952e-18
1.4694345596691702e-18
1.486666859757968e-18
1.5033712681417878e-18
1.5195477848206301e-18
1.5351964097944951e-18
1.5503171430633821e-18
1.5649099846272917e-18
1.578974934486224e-18
1.5925119926401782e-18
1.605521159089155e-18
1.6180024338331542e-18
1.6299558168721756e-18
1.6413813082062198e-18
1.6522789078352861e-18
1.6626486157593749e-18
1.6724904319784863e-18
1.6818043564926198e-18
1.6905903893017758e-18
1.6988485304059543e-18
1.7065787798051549e-18
1.7137811374993782e-18
1.7204556034886237e-18
1.7266021777728916e-18
1.7322208603521822e-18
1.737311651226495e-18
1.7418745503958305e-18
1.745909557860188e-18
1.7494166736195675e-18
1.7523958976739704e-18
1.754847230023395e-18
1.756770670667842e-18
1.758166219607312e-18
1.7590338768418037e-18
1.759373642371318e-18
